16
1 2 3 4 5 6 7 8 9 10 11 12 13 14 15 16
8,5 14
12,8 13
15,3 1
0,0 12
11,7 13
0,15 16
6,4 6
6,8 8
2,4 10
4,3 5
15,11 3
13,13 9
7,6 10
2,6 5
5,11 13
10,3 12
7,4 15
9,6 1
4,2 6
12,13 5
8,9 7
1,4 4
13,4 14
5,9 15
2,11 12
8,3 9
13,14 6
2,12 6
3,9 4
3,13 1
12,11 4
12,2 9
8,6 6
15,10 16
11,3 10
4,10 7
14,11 1
4,12 12
14,3 2
7,1 14
7,2 16
14,13 7
1,8 1
1,1 15
5,13 16
10,10 1
16
9,14 3
12,5 10
14,10 9
14,12 11
8,1 3
13,1 12
15,14 10
10,11 9
5,2 7
2,10 15
15,1 8
1,9 16
6,14 4
1,15 10
7,0 9
12,7 15
7,7 4
2,0 1
11,0 14
15,7 7
3,10 6
9,1 4
1,14 12
5,4 2
2,13 4
11,2 8
11,4 7
10,7 2
4,7 3
4,5 1
4,6 13
0,13 14
9,15 15
15,13 2
15,12 4
14,9 12
12,10 2
13,2 11
8,4 12
15,5 9
6,15 5
3,8 3
1,13 3
14,14 16
7,9 5
4,9 10
12,12 1
10,12 8
9,9 13
0,2 4
2,14 8
9,8 16
3,4 11
14,1 5
9,5 8
2,5 13
0,3 6
5,5 11
6,7 16
14,15 3
6,1 11
0,8 5
10,1 13
0,10 11
0,6 3
14,0 15
12,0 7
11,15 1
0,14 15
7,10 3
12,1 6
13,12 15
15,0 13
0,12 13
11,14 2
9,2 2
10,6 4
7,15 2
12,15 8
13,8 10
1,7 9
8,12 16
